1 0 20.79
3 20.79 10.395
1 31.185 18.711
2 41.159 1
3 49.896 10.395
1 60.291 22.869
2 79.559 1
3 83.16 10.395
1 93.555 20.79
3 114.34 10.395
2 116.76 1
1 124.74 22.869
3 147.61 10.395
2 153.02 1
1 158 18.711
2 173.56 1
3 176.72 10.395
1 187.11 22.869
2 195.16 1
3 209.98 10.395
1 220.37 18.711
2 229 1
3 239.09 10.395
1 249.48 22.869
2 252.74 1
3 272.35 10.395
1 282.74 20.79
2 288.76 1
3 303.53 10.395
2 313.32 1
1 313.93 20.79
3 334.72 10.395
2 336.12 1
1 345.11 20.79
2 360.1 1
3 365.9 10.395
1 376.3 20.79
2 395.54 1
3 397.09 10.395
1 407.48 18.711
3 426.19 10.395
2 435 1
1 436.59 20.79
