1 0 20.79
3 20.79 10.395
1 31.185 22.869
2 43.499 1
3 54.054 10.395
1 64.449 18.711
2 82.059 1
3 83.16 10.395
1 93.555 20.79
2 112.38 1
3 114.34 10.395
1 124.74 22.869
2 136.2 1
3 147.61 10.395
1 158 20.79
2 158.68 1
3 178.79 10.395
1 189.19 20.79
2 190.18 1
3 209.98 10.395
1 220.37 20.79
2 227.82 1
3 241.16 10.395
1 251.56 18.711
2 265.34 1
3 270.27 10.395
1 280.67 20.79
2 295.02 1
3 301.45 10.395
1 311.85 20.79
2 317.38 1
3 332.64 10.395
1 343.04 18.711
2 344.6 1
3 361.75 10.395
2 366.04 1
1 372.14 22.869
3 395.01 10.395
2 398.82 1
1 405.41 22.869
3 428.27 10.395
2 435 1
1 438.67 18.711
