1 0 20.79
3 20.79 10.395
1 31.185 18.711
2 42.019 1
3 49.896 10.395
1 60.291 20.79
3 81.081 10.395
2 81.639 1
1 91.476 20.79
3 112.27 10.395
2 116.96 1
1 122.66 18.711
3 141.37 10.395
2 147.88 1
1 151.77 18.711
2 168.26 1
3 170.48 10.395
1 180.87 18.711
2 197.34 1
3 199.58 10.395
1 209.98 20.79
2 220.7 1
3 230.77 10.395
1 241.16 22.869
2 253.4 1
3 264.03 10.395
1 274.43 20.79
2 291.62 1
3 295.22 10.395
1 305.61 22.869
2 313.4 1
3 328.48 10.395
1 338.88 22.869
2 348.42 1
3 361.75 10.395
1 372.14 22.869
2 373.1 1
3 395.01 10.395
1 405.41 20.79
2 409.74 1
3 426.19 10.395
2 434.72 1
1 436.59 18.711
3 455.3 10.395
1 465.7 20.79
2 467.7 1
3 486.49 10.395
2 495 1
1 496.88 22.869
