39.07 1.00 1.0
50.62 1.00 1.0
69.76 1.00 1.0
88.50 1.00 1.0
103.92 1.00 1.0
118.94 1.00 1.0
134.16 1.00 1.0
147.89 1.00 1.0
164.56 1.00 1.0
178.53 1.00 1.0
192.85 1.00 1.0
208.63 1.00 1.0
223.97 1.00 1.0
239.95 1.00 1.0
255.13 1.00 1.0
270.40 1.00 1.0
284.66 1.00 1.0
297.25 1.00 1.0
313.07 1.00 1.0
328.66 1.00 1.0
348.10 1.00 1.0
360.36 1.00 1.0
372.22 1.00 1.0
389.25 1.00 1.0
408.14 1.00 1.0
423.80 1.00 1.0
438.36 1.00 1.0
450.48 1.00 1.0
467.75 1.00 1.0
483.49 1.00 1.0
501.89 1.00 1.0
518.63 1.00 1.0
530.56 1.00 1.0
547.00 1.00 1.0
