35.62 1.00 1.0
55.09 1.00 1.0
74.11 1.00 1.0
92.06 1.00 1.0
109.16 1.00 1.0
122.89 1.00 1.0
137.46 1.00 1.0
156.18 1.00 1.0
168.68 1.00 1.0
187.41 1.00 1.0
205.75 1.00 1.0
224.53 1.00 1.0
243.39 1.00 1.0
258.97 1.00 1.0
271.11 1.00 1.0
283.38 1.00 1.0
295.36 1.00 1.0
309.26 1.00 1.0
325.53 1.00 1.0
340.26 1.00 1.0
357.52 1.00 1.0
376.02 1.00 1.0
394.16 1.00 1.0
406.82 1.00 1.0
419.68 1.00 1.0
431.21 1.00 1.0
446.59 1.00 1.0
459.90 1.00 1.0
475.32 1.00 1.0
487.60 1.00 1.0
500.66 1.00 1.0
518.34 1.00 1.0
534.78 1.00 1.0
547.00 1.00 1.0
