38.18 1.00 1.0
53.66 1.00 1.0
71.85 1.00 1.0
85.61 1.00 1.0
104.45 1.00 1.0
116.50 1.00 1.0
131.76 1.00 1.0
144.79 1.00 1.0
157.82 1.00 1.0
175.21 1.00 1.0
193.18 1.00 1.0
206.18 1.00 1.0
217.92 1.00 1.0
233.66 1.00 1.0
251.64 1.00 1.0
264.46 1.00 1.0
281.71 1.00 1.0
295.34 1.00 1.0
312.33 1.00 1.0
326.34 1.00 1.0
344.48 1.00 1.0
357.49 1.00 1.0
369.64 1.00 1.0
383.25 1.00 1.0
401.23 1.00 1.0
420.18 1.00 1.0
433.05 1.00 1.0
451.05 1.00 1.0
470.31 1.00 1.0
485.82 1.00 1.0
503.19 1.00 1.0
516.00 1.00 1.0
531.07 1.00 1.0
547.00 1.00 1.0
