1 0 28.32
4 28.32 11.328
2 38.083 1
3 39.648 22.656
2 55.311 1
4 62.304 11.328
1 73.632 25.488
2 74.339 1
2 88.623 1
4 99.12 11.328
2 105.39 1
3 110.45 25.488
2 121.86 1
4 135.94 11.328
2 139.24 1
1 147.26 19.824
2 151.5 1
2 165.28 1
4 167.09 11.328
3 178.42 22.656
2 183.62 1
2 199 1
4 201.07 11.328
1 212.4 19.824
2 215.04 1
2 227.63 1
4 232.22 11.328
3 243.55 19.824
2 245.95 1
2 257.92 1
4 263.38 11.328
2 272.87 1
1 274.7 22.656
2 285.79 1
4 297.36 11.328
2 301.31 1
3 308.69 19.824
2 315.84 1
4 328.51 11.328
2 331.94 1
1 339.84 25.488
2 347.56 1
2 361.79 1
4 365.33 11.328
3 376.66 25.488
2 377.27 1
2 392.17 1
4 402.14 11.328
2 405.78 1
1 413.47 19.824
2 418.44 1
4 433.3 11.328
2 437.18 1
3 444.62 22.656
2 453.23 1
2 465.92 1
4 467.28 11.328
1 478.61 22.656
2 484.32 1
2 498.84 1
4 501.26 11.328
3 512.59 25.488
2 513.8 1
2 530.51 1
4 538.08 11.328
2 547 1
1 549.41 28.32
