1 0 20.79
3 20.79 10.395
1 31.185 22.869
2 44.539 1
3 54.054 10.395
1 64.449 20.79
2 81.019 1
3 85.239 10.395
1 95.634 20.79
3 116.42 10.395
2 119.2 1
1 126.82 22.869
2 142.26 1
3 149.69 10.395
1 160.08 22.869
2 175.82 1
3 182.95 10.395
1 193.35 20.79
2 206.28 1
3 214.14 10.395
1 224.53 20.79
2 242.02 1
3 245.32 10.395
1 255.72 18.711
3 274.43 10.395
2 277.82 1
1 284.82 22.869
3 307.69 10.395
2 314.76 1
1 318.09 18.711
3 336.8 10.395
2 338.28 1
1 347.19 20.79
2 364.72 1
3 367.98 10.395
1 378.38 18.711
2 386.54 1
3 397.09 10.395
1 407.48 18.711
2 410.74 1
3 426.19 10.395
2 435 1
1 436.59 20.79
