1 0 20.79
3 20.79 10.395
1 31.185 18.711
2 36.859 1
3 49.896 10.395
1 60.291 22.869
2 72.239 1
3 83.16 10.395
1 93.555 20.79
2 111.46 1
3 114.34 10.395
1 124.74 20.79
2 139.08 1
3 145.53 10.395
1 155.93 20.79
3 176.72 10.395
2 177.22 1
1 187.11 22.869
2 200.44 1
3 209.98 10.395
1 220.37 18.711
2 225.56 1
3 239.09 10.395
1 249.48 22.869
2 250.18 1
3 272.35 10.395
1 282.74 20.79
2 285.8 1
3 303.53 10.395
2 306.58 1
1 313.93 20.79
3 334.72 10.395
2 338.96 1
1 345.11 22.869
2 363.34 1
3 367.98 10.395
1 378.38 20.79
2 398.22 1
3 399.17 10.395
1 409.56 18.711
3 428.27 10.395
2 435 1
1 438.67 18.711
