1 0 20.79
3 20.79 10.395
1 31.185 18.711
3 49.896 10.395
2 53.259 1
1 60.291 18.711
3 79.002 10.395
2 86.179 1
1 89.397 20.79
2 107.92 1
3 110.19 10.395
1 120.58 22.869
2 129.42 1
3 143.45 10.395
1 153.85 18.711
2 168.08 1
3 172.56 10.395
1 182.95 22.869
2 199.58 1
3 205.82 10.395
1 216.22 22.869
2 226.18 1
3 239.09 10.395
1 249.48 22.869
2 254.68 1
3 272.35 10.395
1 282.74 18.711
2 283.8 1
3 301.45 10.395
1 311.85 20.79
2 317.2 1
3 332.64 10.395
2 338.92 1
1 343.04 20.79
3 363.82 10.395
1 374.22 20.79
2 377.42 1
3 395.01 10.395
1 405.41 22.869
2 415.7 1
3 428.27 10.395
1 438.67 20.79
2 446.58 1
3 459.46 10.395
2 467.92 1
1 469.85 18.711
3 488.56 10.395
2 495 1
1 498.96 20.79
