38.08 1.00 1.0
55.31 1.00 1.0
74.34 1.00 1.0
88.62 1.00 1.0
105.39 1.00 1.0
121.86 1.00 1.0
139.24 1.00 1.0
151.50 1.00 1.0
165.28 1.00 1.0
183.62 1.00 1.0
199.00 1.00 1.0
215.04 1.00 1.0
227.63 1.00 1.0
245.95 1.00 1.0
257.92 1.00 1.0
272.87 1.00 1.0
285.79 1.00 1.0
301.31 1.00 1.0
315.84 1.00 1.0
331.94 1.00 1.0
347.56 1.00 1.0
361.79 1.00 1.0
377.27 1.00 1.0
392.17 1.00 1.0
405.78 1.00 1.0
418.44 1.00 1.0
437.18 1.00 1.0
453.23 1.00 1.0
465.92 1.00 1.0
484.32 1.00 1.0
498.84 1.00 1.0
513.80 1.00 1.0
530.51 1.00 1.0
547.00 1.00 1.0
