36.88 1.00 1.0
54.10 1.00 1.0
70.88 1.00 1.0
85.70 1.00 1.0
101.00 1.00 1.0
117.85 1.00 1.0
135.37 1.00 1.0
149.94 1.00 1.0
164.10 1.00 1.0
179.94 1.00 1.0
193.89 1.00 1.0
205.69 1.00 1.0
222.15 1.00 1.0
241.34 1.00 1.0
255.56 1.00 1.0
274.92 1.00 1.0
293.43 1.00 1.0
310.15 1.00 1.0
323.87 1.00 1.0
341.30 1.00 1.0
355.24 1.00 1.0
372.30 1.00 1.0
386.85 1.00 1.0
400.42 1.00 1.0
417.70 1.00 1.0
434.13 1.00 1.0
450.43 1.00 1.0
466.61 1.00 1.0
479.10 1.00 1.0
493.22 1.00 1.0
508.38 1.00 1.0
524.08 1.00 1.0
537.56 1.00 1.0
552.25 1.00 1.0
566.03 1.00 1.0
580.31 1.00 1.0
591.96 1.00 1.0
609.00 1.00 1.0
