33.92 1.00 1.0
45.66 1.00 1.0
60.95 1.00 1.0
78.45 1.00 1.0
97.72 1.00 1.0
110.02 1.00 1.0
123.77 1.00 1.0
140.47 1.00 1.0
157.36 1.00 1.0
171.69 1.00 1.0
190.40 1.00 1.0
209.87 1.00 1.0
223.38 1.00 1.0
240.63 1.00 1.0
252.92 1.00 1.0
267.61 1.00 1.0
286.16 1.00 1.0
303.23 1.00 1.0
318.93 1.00 1.0
335.60 1.00 1.0
350.39 1.00 1.0
362.85 1.00 1.0
376.35 1.00 1.0
387.88 1.00 1.0
404.08 1.00 1.0
419.88 1.00 1.0
439.24 1.00 1.0
454.45 1.00 1.0
468.56 1.00 1.0
487.25 1.00 1.0
498.88 1.00 1.0
516.38 1.00 1.0
530.68 1.00 1.0
547.00 1.00 1.0
