34.75 1.00 1.0
53.64 1.00 1.0
69.63 1.00 1.0
82.25 1.00 1.0
97.75 1.00 1.0
114.36 1.00 1.0
126.09 1.00 1.0
145.32 1.00 1.0
157.72 1.00 1.0
173.22 1.00 1.0
187.05 1.00 1.0
199.85 1.00 1.0
214.76 1.00 1.0
228.32 1.00 1.0
240.43 1.00 1.0
258.80 1.00 1.0
272.77 1.00 1.0
290.98 1.00 1.0
309.58 1.00 1.0
324.54 1.00 1.0
341.56 1.00 1.0
355.21 1.00 1.0
366.98 1.00 1.0
386.25 1.00 1.0
402.29 1.00 1.0
419.74 1.00 1.0
435.15 1.00 1.0
451.23 1.00 1.0
468.40 1.00 1.0
484.66 1.00 1.0
502.01 1.00 1.0
516.40 1.00 1.0
531.99 1.00 1.0
547.00 1.00 1.0
