1 0 22.656
3 22.656 11.328
1 33.984 22.656
2 38.599 1
2 50.647 1
3 56.64 11.328
1 67.968 25.488
2 68.751 1
2 85.887 1
3 93.456 11.328
2 103.53 1
1 104.78 22.656
2 121.5 1
3 127.44 11.328
2 133.96 1
1 138.77 22.656
2 150.51 1
3 161.42 11.328
2 168.06 1
1 172.75 25.488
2 187.6 1
3 198.24 11.328
2 200.09 1
1 209.57 22.656
2 215.69 1
2 229.77 1
3 232.22 11.328
2 242.13 1
1 243.55 25.488
2 257.57 1
3 269.04 11.328
2 271.47 1
1 280.37 19.824
2 286.33 1
2 298.65 1
3 300.19 11.328
1 311.52 25.488
2 316.57 1
2 329.97 1
3 337.01 11.328
2 344.33 1
1 348.34 22.656
2 363.83 1
3 370.99 11.328
1 382.32 22.656
2 383.47 1
2 403.16 1
3 404.98 11.328
1 416.3 19.824
2 423.11 1
3 436.13 11.328
2 439.52 1
1 447.46 19.824
2 453.98 1
3 467.28 11.328
2 468 1
1 478.61 19.824
