1 0 22.656
3 22.656 11.328
1 33.984 22.656
2 36.883 1
2 54.103 1
5 56.64 11.328
1 67.968 22.656
2 70.883 1
2 85.703 1
4 90.624 11.328
2 101 1
1 101.95 19.824
2 117.85 1
5 121.78 11.328
1 133.1 22.656
2 135.37 1
2 149.94 1
3 155.76 11.328
2 164.1 1
1 167.09 19.824
2 179.94 1
5 186.91 11.328
2 193.89 1
1 198.24 25.488
2 205.69 1
2 222.15 1
3 223.73 11.328
1 235.06 19.824
2 241.34 1
4 254.88 11.328
2 255.56 1
1 266.21 22.656
2 274.92 1
5 288.86 11.328
2 293.43 1
1 300.19 19.824
2 310.15 1
4 320.02 11.328
2 323.87 1
1 331.34 25.488
2 341.3 1
2 355.24 1
3 356.83 11.328
1 368.16 25.488
2 372.3 1
2 386.85 1
5 393.65 11.328
2 400.42 1
1 404.98 19.824
2 417.7 1
4 424.8 11.328
2 434.13 1
1 436.13 25.488
2 450.43 1
3 461.62 11.328
2 466.61 1
1 472.94 22.656
2 479.1 1
2 493.22 1
4 495.6 11.328
1 506.93 25.488
2 508.38 1
2 524.08 1
5 532.42 11.328
2 537.56 1
1 543.74 19.824
2 552.25 1
3 563.57 11.328
2 566.03 1
1 574.9 25.488
2 580.31 1
2 591.96 1
4 600.38 11.328
2 609 1
1 611.71 22.656
