1 0 28.32
4 28.32 11.328
2 35.619 1
3 39.648 19.824
2 55.095 1
4 59.472 11.328
1 70.8 22.656
2 74.115 1
2 92.055 1
4 93.456 11.328
3 104.78 19.824
2 109.16 1
2 122.89 1
4 124.61 11.328
1 135.94 19.824
2 137.46 1
4 155.76 11.328
2 156.18 1
3 167.09 25.488
2 168.68 1
2 187.41 1
4 192.58 11.328
1 203.9 19.824
2 205.75 1
4 223.73 11.328
2 224.53 1
3 235.06 22.656
2 243.39 1
4 257.71 11.328
2 258.97 1
1 269.04 22.656
2 271.11 1
2 283.38 1
4 291.7 11.328
2 295.36 1
3 303.02 19.824
2 309.26 1
4 322.85 11.328
2 325.53 1
1 334.18 25.488
2 340.26 1
2 357.52 1
4 359.66 11.328
3 370.99 25.488
2 376.02 1
2 394.16 1
4 396.48 11.328
2 406.82 1
1 407.81 22.656
2 419.68 1
4 430.46 11.328
2 431.21 1
3 441.79 25.488
2 446.59 1
2 459.9 1
4 467.28 11.328
2 475.32 1
1 478.61 22.656
2 487.6 1
2 500.66 1
4 501.26 11.328
3 512.59 25.488
2 518.34 1
2 534.78 1
4 538.08 11.328
2 547 1
1 549.41 28.32
