1 0 28.32
4 28.32 11.328
2 34.747 1
3 39.648 19.824
2 53.639 1
4 59.472 11.328
2 69.627 1
1 70.8 25.488
2 82.255 1
4 96.288 11.328
2 97.747 1
3 107.62 22.656
2 114.36 1
2 126.09 1
4 130.27 11.328
1 141.6 19.824
2 145.32 1
2 157.72 1
4 161.42 11.328
3 172.75 22.656
2 173.22 1
2 187.05 1
4 195.41 11.328
2 199.85 1
1 206.74 25.488
2 214.76 1
2 228.32 1
4 232.22 11.328
2 240.43 1
3 243.55 22.656
2 258.8 1
4 266.21 11.328
2 272.77 1
1 277.54 22.656
2 290.98 1
4 300.19 11.328
2 309.58 1
3 311.52 25.488
2 324.54 1
4 337.01 11.328
2 341.56 1
1 348.34 22.656
2 355.21 1
2 366.98 1
4 370.99 11.328
3 382.32 25.488
2 386.25 1
2 402.29 1
4 407.81 11.328
1 419.14 19.824
2 419.74 1
2 435.15 1
4 438.96 11.328
3 450.29 19.824
2 451.23 1
2 468.4 1
4 470.11 11.328
1 481.44 19.824
2 484.66 1
4 501.26 11.328
2 502.01 1
3 512.59 25.488
2 516.4 1
2 531.99 1
4 538.08 11.328
2 547 1
1 549.41 28.32
