1 0 28.32
4 28.32 11.328
2 33.923 1
3 39.648 22.656
2 45.655 1
2 60.955 1
4 62.304 11.328
1 73.632 22.656
2 78.447 1
4 96.288 11.328
2 97.715 1
3 107.62 19.824
2 110.02 1
2 123.77 1
4 127.44 11.328
1 138.77 22.656
2 140.47 1
2 157.36 1
4 161.42 11.328
2 171.69 1
3 172.75 25.488
2 190.4 1
4 198.24 11.328
1 209.57 25.488
2 209.87 1
2 223.38 1
4 235.06 11.328
2 240.63 1
3 246.38 22.656
2 252.92 1
2 267.61 1
4 269.04 11.328
1 280.37 25.488
2 286.16 1
2 303.23 1
4 305.86 11.328
3 317.18 19.824
2 318.93 1
2 335.6 1
4 337.01 11.328
1 348.34 19.824
2 350.39 1
2 362.85 1
4 368.16 11.328
2 376.35 1
3 379.49 22.656
2 387.88 1
4 402.14 11.328
2 404.08 1
1 413.47 19.824
2 419.88 1
4 433.3 11.328
2 439.24 1
3 444.62 25.488
2 454.45 1
2 468.56 1
4 470.11 11.328
1 481.44 25.488
2 487.25 1
2 498.88 1
4 506.93 11.328
2 516.38 1
3 518.26 19.824
2 530.68 1
4 538.08 11.328
2 547 1
1 549.41 28.32
