1 0 28.32
4 28.32 11.328
2 38.179 1
3 39.648 19.824
2 53.663 1
4 59.472 11.328
1 70.8 19.824
2 71.851 1
2 85.607 1
4 90.624 11.328
3 101.95 19.824
2 104.45 1
2 116.5 1
4 121.78 11.328
2 131.76 1
1 133.1 25.488
2 144.79 1
2 157.82 1
4 158.59 11.328
3 169.92 25.488
2 175.21 1
2 193.18 1
4 195.41 11.328
2 206.18 1
1 206.74 22.656
2 217.92 1
4 229.39 11.328
2 233.66 1
3 240.72 22.656
2 251.64 1
4 263.38 11.328
2 264.46 1
1 274.7 25.488
2 281.71 1
2 295.34 1
4 300.19 11.328
3 311.52 19.824
2 312.33 1
2 326.34 1
4 331.34 11.328
1 342.67 22.656
2 344.48 1
2 357.49 1
4 365.33 11.328
2 369.64 1
3 376.66 22.656
2 383.25 1
4 399.31 11.328
2 401.23 1
1 410.64 19.824
2 420.18 1
4 430.46 11.328
2 433.05 1
3 441.79 25.488
2 451.05 1
4 467.28 11.328
2 470.31 1
1 478.61 22.656
2 485.82 1
4 501.26 11.328
2 503.19 1
3 512.59 25.488
2 516 1
2 531.07 1
4 538.08 11.328
2 547 1
1 549.41 28.32
