1 0 28.32
4 28.32 11.328
2 39.067 1
3 39.648 19.824
2 50.623 1
4 59.472 11.328
2 69.763 1
1 70.8 22.656
2 88.503 1
4 93.456 11.328
2 103.92 1
3 104.78 22.656
2 118.94 1
4 127.44 11.328
2 134.16 1
1 138.77 25.488
2 147.89 1
4 164.26 11.328
2 164.56 1
3 175.58 19.824
2 178.53 1
2 192.85 1
4 195.41 11.328
1 206.74 19.824
2 208.63 1
2 223.97 1
4 226.56 11.328
3 237.89 25.488
2 239.95 1
2 255.13 1
4 263.38 11.328
2 270.4 1
1 274.7 25.488
2 284.66 1
2 297.25 1
4 300.19 11.328
3 311.52 22.656
2 313.07 1
2 328.66 1
4 334.18 11.328
1 345.5 22.656
2 348.1 1
2 360.36 1
4 368.16 11.328
2 372.22 1
3 379.49 19.824
2 389.25 1
4 399.31 11.328
2 408.14 1
1 410.64 19.824
2 423.8 1
4 430.46 11.328
2 438.36 1
3 441.79 25.488
2 450.48 1
4 467.28 11.328
2 467.75 1
1 478.61 22.656
2 483.49 1
4 501.26 11.328
2 501.89 1
3 512.59 25.488
2 518.63 1
2 530.56 1
4 538.08 11.328
2 547 1
1 549.41 28.32
