1 0 20.79
3 20.79 10.395
1 31.185 22.869
2 41.459 1
3 54.054 10.395
1 64.449 18.711
2 76.579 1
3 83.16 10.395
1 93.555 18.711
2 98.919 1
3 112.27 10.395
1 122.66 22.869
2 125.54 1
3 145.53 10.395
1 155.93 20.79
2 158.92 1
3 176.72 10.395
2 179.56 1
1 187.11 18.711
3 205.82 10.395
2 208.42 1
1 216.22 20.79
2 236.5 1
3 237.01 10.395
1 247.4 20.79
2 267.28 1
3 268.19 10.395
1 278.59 22.869
2 298.42 1
3 301.45 10.395
1 311.85 22.869
3 334.72 10.395
2 337.78 1
1 345.11 20.79
2 362.66 1
3 365.9 10.395
1 376.3 22.869
2 387.86 1
3 399.17 10.395
1 409.56 20.79
2 419.78 1
3 430.35 10.395
1 440.75 18.711
2 449 1
3 459.46 10.395
1 469.85 18.711
2 483.8 1
3 488.56 10.395
1 498.96 18.711
3 517.67 10.395
2 521.46 1
1 528.07 20.79
3 548.86 10.395
2 555 1
1 559.25 22.869
