1 0 20.79
3 20.79 10.395
1 31.185 22.869
2 36.839 1
3 54.054 10.395
1 64.449 20.79
2 73.639 1
3 85.239 10.395
1 95.634 22.869
2 104.48 1
3 118.5 10.395
2 126.9 1
1 128.9 20.79
3 149.69 10.395
2 152.18 1
1 160.08 20.79
3 180.87 10.395
2 190.34 1
1 191.27 20.79
3 212.06 10.395
2 219.82 1
1 222.45 18.711
3 241.16 10.395
1 251.56 18.711
2 257.4 1
3 270.27 10.395
1 280.67 20.79
2 292.8 1
3 301.45 10.395
1 311.85 22.869
2 317.4 1
3 334.72 10.395
1 345.11 22.869
2 346.56 1
2 366.8 1
3 367.98 10.395
1 378.38 22.869
2 393.96 1
3 401.25 10.395
1 411.64 18.711
2 426.8 1
3 430.35 10.395
1 440.75 22.869
2 461.52 1
3 463.62 10.395
1 474.01 18.711
2 484.72 1
3 492.72 10.395
1 503.12 18.711
3 521.83 10.395
2 524.48 1
1 532.22 18.711
3 550.94 10.395
2 555 1
1 561.33 20.79
