1 0 20.79
3 20.79 10.395
1 31.185 18.711
3 49.896 10.395
2 53.879 1
1 60.291 18.711
3 79.002 10.395
2 84.659 1
1 89.397 22.869
3 112.27 10.395
2 121.1 1
1 122.66 22.869
2 144.66 1
3 145.53 10.395
1 155.93 22.869
2 166.3 1
3 178.79 10.395
2 187.42 1
1 189.19 22.869
3 212.06 10.395
1 222.45 22.869
2 226.06 1
3 245.32 10.395
2 248.3 1
1 255.72 20.79
2 269.66 1
3 276.51 10.395
1 286.9 18.711
2 298.88 1
3 305.61 10.395
1 316.01 22.869
2 322.92 1
3 338.88 10.395
1 349.27 20.79
2 361.28 1
3 370.06 10.395
1 380.46 18.711
2 387.44 1
3 399.17 10.395
1 409.56 20.79
2 413.82 1
3 430.35 10.395
1 440.75 18.711
2 447.66 1
3 459.46 10.395
1 469.85 20.79
2 485.42 1
3 490.64 10.395
1 501.04 20.79
2 519.04 1
3 521.83 10.395
1 532.22 18.711
3 550.94 10.395
2 555 1
1 561.33 20.79
