1 0 20.79
3 20.79 10.395
1 31.185 20.79
2 46.359 1
3 51.975 10.395
1 62.37 18.711
2 78.359 1
3 81.081 10.395
1 91.476 22.869
2 107.52 1
3 114.34 10.395
1 124.74 22.869
2 146.74 1
3 147.61 10.395
1 158 20.79
3 178.79 10.395
2 181.94 1
1 189.19 20.79
2 203.98 1
3 209.98 10.395
1 220.37 22.869
2 238.36 1
3 243.24 10.395
1 253.64 20.79
2 266.24 1
3 274.43 10.395
1 284.82 18.711
2 294.24 1
3 303.53 10.395
1 313.93 22.869
2 323.46 1
3 336.8 10.395
1 347.19 20.79
2 349.08 1
3 367.98 10.395
1 378.38 18.711
2 379.92 1
3 397.09 10.395
2 400.7 1
1 407.48 18.711
3 426.19 10.395
2 429.34 1
1 436.59 22.869
2 454.14 1
3 459.46 10.395
1 469.85 18.711
2 484.92 1
3 488.56 10.395
1 498.96 18.711
3 517.67 10.395
2 522.88 1
1 528.07 22.869
3 550.94 10.395
2 555 1
1 561.33 20.79
