1 0 20.79
3 20.79 10.395
1 31.185 20.79
2 36.139 1
3 51.975 10.395
1 62.37 18.711
2 64.999 1
3 81.081 10.395
1 91.476 18.711
2 99.159 1
3 110.19 10.395
1 120.58 18.711
2 126.88 1
3 139.29 10.395
1 149.69 22.869
2 162.32 1
3 172.56 10.395
1 182.95 20.79
2 195.12 1
3 203.74 10.395
1 214.14 18.711
2 221.38 1
3 232.85 10.395
1 243.24 22.869
2 244.34 1
3 266.11 10.395
1 276.51 22.869
2 278.08 1
3 299.38 10.395
1 309.77 20.79
2 316.94 1
3 330.56 10.395
1 340.96 22.869
2 342.78 1
3 363.82 10.395
2 369.98 1
1 374.22 22.869
3 397.09 10.395
2 402.26 1
1 407.48 20.79
2 426.82 1
3 428.27 10.395
1 438.67 20.79
3 459.46 10.395
2 463.86 1
1 469.85 20.79
3 490.64 10.395
2 495 1
1 501.04 18.711
