1 0 20.79
3 20.79 10.395
1 31.185 18.711
2 37.959 1
3 49.896 10.395
1 60.291 22.869
2 73.639 1
3 83.16 10.395
1 93.555 18.711
2 110.68 1
3 112.27 10.395
1 122.66 20.79
2 137.94 1
3 143.45 10.395
1 153.85 18.711
2 158.5 1
3 172.56 10.395
1 182.95 22.869
2 187.74 1
3 205.82 10.395
1 216.22 20.79
2 218.5 1
3 237.01 10.395
1 247.4 20.79
2 251.24 1
3 268.19 10.395
1 278.59 22.869
2 285.9 1
3 301.45 10.395
1 311.85 22.869
2 314.86 1
3 334.72 10.395
2 341.12 1
1 345.11 18.711
3 363.82 10.395
2 365.44 1
1 374.22 20.79
3 395.01 10.395
2 404.88 1
1 405.41 22.869
3 428.27 10.395
2 435.92 1
1 438.67 18.711
3 457.38 10.395
1 467.78 20.79
2 469.66 1
3 488.56 10.395
2 495 1
1 498.96 20.79
