1 0 20.79
3 20.79 10.395
1 31.185 22.869
2 37.619 1
3 54.054 10.395
2 62.879 1
1 64.449 22.869
3 87.318 10.395
1 97.713 22.869
2 100.26 1
3 120.58 10.395
2 121.78 1
1 130.98 22.869
2 142.6 1
3 153.85 10.395
1 164.24 20.79
2 180.38 1
3 185.03 10.395
1 195.43 20.79
2 203.08 1
3 216.22 10.395
1 226.61 20.79
2 237.88 1
3 247.4 10.395
1 257.8 18.711
3 276.51 10.395
2 277.06 1
1 286.9 18.711
2 299.28 1
3 305.61 10.395
1 316.01 18.711
3 334.72 10.395
2 336.58 1
1 345.11 20.79
2 361.78 1
3 365.9 10.395
1 376.3 18.711
3 395.01 10.395
2 396.52 1
1 405.41 20.79
3 426.19 10.395
2 435 1
1 436.59 20.79
