1 0 20.79
3 20.79 10.395
1 31.185 22.869
2 35.339 1
3 54.054 10.395
1 64.449 20.79
2 70.659 1
3 85.239 10.395
2 93.939 1
1 95.634 20.79
3 116.42 10.395
1 126.82 20.79
2 132.48 1
3 147.61 10.395
2 153.5 1
1 158 18.711
3 176.72 10.395
1 187.11 20.79
2 192.48 1
3 207.9 10.395
1 218.3 18.711
2 225.52 1
3 237.01 10.395
1 247.4 22.869
2 262.24 1
3 270.27 10.395
1 280.67 18.711
2 286.92 1
3 299.38 10.395
1 309.77 20.79
2 312.3 1
3 330.56 10.395
1 340.96 22.869
2 346.92 1
3 363.82 10.395
2 368.38 1
1 374.22 18.711
3 392.93 10.395
2 395.34 1
1 403.33 22.869
3 426.19 10.395
2 435 1
1 436.59 20.79
