1 0 20.79
3 20.79 10.395
1 31.185 22.869
2 39.599 1
3 54.054 10.395
1 64.449 18.711
2 75.299 1
3 83.16 10.395
1 93.555 20.79
2 109.92 1
3 114.34 10.395
1 124.74 20.79
3 145.53 10.395
2 149.36 1
1 155.93 20.79
3 176.72 10.395
1 187.11 22.869
2 188.1 1
3 209.98 10.395
1 220.37 22.869
2 221.3 1
3 243.24 10.395
2 248.1 1
1 253.64 22.869
2 272.4 1
3 276.51 10.395
1 286.9 18.711
2 297.78 1
3 305.61 10.395
1 316.01 20.79
2 320.98 1
3 336.8 10.395
1 347.19 18.711
2 357.78 1
3 365.9 10.395
1 376.3 20.79
2 379.04 1
3 397.09 10.395
2 399.6 1
1 407.48 18.711
3 426.19 10.395
2 435 1
1 436.59 20.79
