1 0 20.79
3 20.79 10.395
1 31.185 18.711
2 44.879 1
3 49.896 10.395
1 60.291 20.79
2 78.039 1
3 81.081 10.395
1 91.476 20.79
2 106.84 1
3 112.27 10.395
1 122.66 18.711
3 141.37 10.395
2 146.52 1
1 151.77 18.711
3 170.48 10.395
1 180.87 22.869
2 183.72 1
3 203.74 10.395
2 212.04 1
1 214.14 20.79
3 234.93 10.395
2 242.16 1
1 245.32 20.79
2 262.48 1
3 266.11 10.395
1 276.51 22.869
2 294.16 1
3 299.38 10.395
1 309.77 22.869
2 316.96 1
3 332.64 10.395
1 343.04 22.869
2 349.14 1
3 365.9 10.395
1 376.3 18.711
2 376.96 1
3 395.01 10.395
1 405.41 20.79
2 408.16 1
3 426.19 10.395
2 435 1
1 436.59 20.79
