1 0 20.79
3 20.79 10.395
1 31.185 20.79
2 47.499 1
3 51.975 10.395
1 62.37 20.79
2 76.619 1
3 83.16 10.395
1 93.555 18.711
2 107.5 1
3 112.27 10.395
1 122.66 20.79
2 137.06 1
3 143.45 10.395
1 153.85 20.79
2 164.28 1
3 174.64 10.395
1 185.03 22.869
2 194.04 1
3 207.9 10.395
2 216.16 1
1 218.3 18.711
3 237.01 10.395
1 247.4 20.79
2 249.5 1
3 268.19 10.395
1 278.59 22.869
2 287.38 1
3 301.45 10.395
1 311.85 22.869
2 317.62 1
3 334.72 10.395
2 344.28 1
1 345.11 22.869
3 367.98 10.395
2 374.72 1
1 378.38 18.711
3 397.09 10.395
2 402.22 1
1 407.48 20.79
3 428.27 10.395
2 435 1
1 438.67 18.711
