1 0 20.79
3 20.79 10.395
1 31.185 20.79
2 44.039 1
3 51.975 10.395
1 62.37 20.79
2 79.639 1
3 83.16 10.395
1 93.555 18.711
2 104.04 1
3 112.27 10.395
1 122.66 18.711
2 132.46 1
3 141.37 10.395
1 151.77 20.79
2 161.42 1
3 172.56 10.395
1 182.95 22.869
2 193.38 1
3 205.82 10.395
1 216.22 22.869
2 219.2 1
3 239.09 10.395
1 249.48 20.79
2 253.38 1
3 270.27 10.395
1 280.67 22.869
2 284.34 1
3 303.53 10.395
2 309.24 1
1 313.93 20.79
3 334.72 10.395
2 340.82 1
1 345.11 22.869
3 367.98 10.395
2 371.86 1
1 378.38 18.711
3 397.09 10.395
2 406.96 1
1 407.48 18.711
3 426.19 10.395
2 435 1
1 436.59 20.79
