1 0 20.79
3 20.79 10.395
1 31.185 20.79
2 36.819 1
3 51.975 10.395
1 62.37 18.711
2 72.939 1
3 81.081 10.395
1 91.476 22.869
2 111.12 1
3 114.34 10.395
1 124.74 22.869
2 135 1
3 147.61 10.395
1 158 22.869
2 158.74 1
3 180.87 10.395
2 182.1 1
1 191.27 20.79
2 210.1 1
3 212.06 10.395
1 222.45 18.711
3 241.16 10.395
2 246.74 1
1 251.56 22.869
3 274.43 10.395
2 283 1
1 284.82 20.79
3 305.61 10.395
1 316.01 20.79
2 320.9 1
3 336.8 10.395
1 347.19 18.711
2 351.84 1
3 365.9 10.395
2 373.94 1
1 376.3 18.711
3 395.01 10.395
1 405.41 22.869
2 412.68 1
3 428.27 10.395
1 438.67 18.711
2 441.74 1
3 457.38 10.395
1 467.78 20.79
2 473.74 1
3 488.56 10.395
2 495 1
1 498.96 20.79
