1 0 20.79
3 20.79 10.395
1 31.185 20.79
2 49.879 1
3 51.975 10.395
1 62.37 22.869
2 75.999 1
3 85.239 10.395
1 95.634 20.79
2 110.08 1
3 116.42 10.395
1 126.82 18.711
3 145.53 10.395
2 147.08 1
1 155.93 20.79
2 173 1
3 176.72 10.395
1 187.11 20.79
2 206.88 1
3 207.9 10.395
1 218.3 20.79
2 233.12 1
3 239.09 10.395
1 249.48 18.711
2 266.96 1
3 268.19 10.395
1 278.59 22.869
3 301.45 10.395
2 304.96 1
1 311.85 22.869
2 326.96 1
3 334.72 10.395
1 345.11 18.711
2 353.12 1
3 363.82 10.395
1 374.22 18.711
2 376.16 1
3 392.93 10.395
2 401.28 1
1 403.33 22.869
3 426.19 10.395
1 436.59 22.869
2 438.24 1
3 459.46 10.395
1 469.85 18.711
2 472 1
3 488.56 10.395
2 495 1
1 498.96 20.79
