1 0 20.79
3 20.79 10.395
1 31.185 20.79
2 43.859 1
3 51.975 10.395
1 62.37 18.711
2 68.239 1
3 81.081 10.395
1 91.476 22.869
2 102.1 1
3 114.34 10.395
1 124.74 20.79
2 133.24 1
3 145.53 10.395
1 155.93 20.79
2 159.1 1
3 176.72 10.395
1 187.11 22.869
2 194.72 1
3 209.98 10.395
1 220.37 20.79
2 228.96 1
3 241.16 10.395
1 251.56 22.869
2 254.72 1
3 274.43 10.395
2 275.96 1
1 284.82 18.711
3 303.53 10.395
2 308.02 1
1 313.93 22.869
2 334.16 1
3 336.8 10.395
1 347.19 18.711
3 365.9 10.395
2 368.76 1
1 376.3 18.711
2 394.16 1
3 395.01 10.395
1 405.41 20.79
3 426.19 10.395
2 428.3 1
1 436.59 22.869
2 456.24 1
3 459.46 10.395
1 469.85 18.711
3 488.56 10.395
2 495 1
1 498.96 20.79
