49.88 1.00 1.0
50.88 1.00 1.0
76.00 1.00 1.0
77.00 1.00 1.0
110.08 1.00 1.0
111.08 1.00 1.0
147.08 1.00 1.0
148.08 1.00 1.0
173.00 1.00 1.0
174.00 1.00 1.0
206.88 1.00 1.0
207.88 1.00 1.0
233.12 1.00 1.0
234.12 1.00 1.0
266.96 1.00 1.0
267.96 1.00 1.0
304.96 1.00 1.0
305.96 1.00 1.0
326.96 1.00 1.0
327.96 1.00 1.0
353.12 1.00 1.0
354.12 1.00 1.0
376.16 1.00 1.0
377.16 1.00 1.0
401.28 1.00 1.0
402.28 1.00 1.0
438.24 1.00 1.0
439.24 1.00 1.0
472.00 1.00 1.0
473.00 1.00 1.0
495.00 1.00 1.0
496.00 1.00 1.0
