36.82 1.00 1.0
37.82 1.00 1.0
72.94 1.00 1.0
73.94 1.00 1.0
111.12 1.00 1.0
112.12 1.00 1.0
135.00 1.00 1.0
136.00 1.00 1.0
158.74 1.00 1.0
159.74 1.00 1.0
182.10 1.00 1.0
183.10 1.00 1.0
210.10 1.00 1.0
211.10 1.00 1.0
246.74 1.00 1.0
247.74 1.00 1.0
283.00 1.00 1.0
284.00 1.00 1.0
320.90 1.00 1.0
321.90 1.00 1.0
351.84 1.00 1.0
352.84 1.00 1.0
373.94 1.00 1.0
374.94 1.00 1.0
412.68 1.00 1.0
413.68 1.00 1.0
441.74 1.00 1.0
442.74 1.00 1.0
473.74 1.00 1.0
474.74 1.00 1.0
495.00 1.00 1.0
496.00 1.00 1.0
