53.26 1.00 1.0
54.26 1.00 1.0
86.18 1.00 1.0
87.18 1.00 1.0
107.92 1.00 1.0
108.92 1.00 1.0
129.42 1.00 1.0
130.42 1.00 1.0
168.08 1.00 1.0
169.08 1.00 1.0
199.58 1.00 1.0
200.58 1.00 1.0
226.18 1.00 1.0
227.18 1.00 1.0
254.68 1.00 1.0
255.68 1.00 1.0
283.80 1.00 1.0
284.80 1.00 1.0
317.20 1.00 1.0
318.20 1.00 1.0
338.92 1.00 1.0
339.92 1.00 1.0
377.42 1.00 1.0
378.42 1.00 1.0
415.70 1.00 1.0
416.70 1.00 1.0
446.58 1.00 1.0
447.58 1.00 1.0
467.92 1.00 1.0
468.92 1.00 1.0
495.00 1.00 1.0
496.00 1.00 1.0
