20.79 1.00 1.0
31.18 1.00 1.0
49.90 1.00 1.0
60.29 1.00 1.0
81.08 1.00 1.0
91.48 1.00 1.0
112.27 1.00 1.0
122.66 1.00 1.0
141.37 1.00 1.0
151.77 1.00 1.0
170.48 1.00 1.0
180.88 1.00 1.0
199.58 1.00 1.0
209.98 1.00 1.0
230.77 1.00 1.0
241.17 1.00 1.0
264.03 1.00 1.0
274.42 1.00 1.0
295.22 1.00 1.0
305.62 1.00 1.0
328.48 1.00 1.0
338.88 1.00 1.0
361.75 1.00 1.0
372.14 1.00 1.0
395.01 1.00 1.0
405.40 1.00 1.0
426.19 1.00 1.0
436.58 1.00 1.0
455.30 1.00 1.0
465.69 1.00 1.0
486.49 1.00 1.0
496.88 1.00 1.0
