1 0 20.79
3 20.79 10.395
1 31.185 20.79
2 46.039 1
3 51.975 10.395
1 62.37 18.711
2 67.479 1
3 81.081 10.395
1 91.476 22.869
2 105.56 1
3 114.34 10.395
1 124.74 22.869
2 144.62 1
3 147.61 10.395
1 158 18.711
3 176.72 10.395
2 177.34 1
1 187.11 18.711
3 205.82 10.395
2 211.56 1
1 216.22 20.79
3 237.01 10.395
1 247.4 20.79
2 250.12 1
3 268.19 10.395
1 278.59 22.869
2 285.98 1
3 301.45 10.395
1 311.85 20.79
2 313.26 1
3 332.64 10.395
2 342.22 1
1 343.04 18.711
3 361.75 10.395
2 366.36 1
1 372.14 20.79
2 392.14 1
3 392.93 10.395
1 403.33 18.711
2 413.08 1
3 422.04 10.395
1 432.43 22.869
2 448.16 1
3 455.3 10.395
1 465.7 22.869
2 470.08 1
3 488.56 10.395
2 495 1
1 498.96 20.79
