1 0 20.79
3 20.79 10.395
1 31.185 22.869
2 40.479 1
3 54.054 10.395
2 61.199 1
1 64.449 22.869
3 87.318 10.395
2 95.719 1
1 97.713 18.711
3 116.42 10.395
1 126.82 20.79
2 135.6 1
3 147.61 10.395
1 158 20.79
2 170.66 1
3 178.79 10.395
1 189.19 20.79
2 203.78 1
3 209.98 10.395
1 220.37 18.711
2 228.72 1
3 239.09 10.395
2 248.84 1
1 249.48 22.869
3 272.35 10.395
1 282.74 18.711
2 288.12 1
3 301.45 10.395
1 311.85 20.79
2 326.76 1
3 332.64 10.395
1 343.04 20.79
2 354.26 1
3 363.82 10.395
1 374.22 22.869
2 386.76 1
3 397.09 10.395
1 407.48 22.869
2 408.12 1
3 430.35 10.395
2 435.9 1
1 440.75 20.79
3 461.54 10.395
2 462.78 1
1 471.93 18.711
3 490.64 10.395
2 495 1
1 501.04 18.711
