1 0 20.79
3 20.79 10.395
1 31.185 22.869
2 50.499 1
3 54.054 10.395
1 64.449 22.869
2 83.879 1
3 87.318 10.395
1 97.713 22.869
3 120.58 10.395
2 122.18 1
1 130.98 18.711
3 149.69 10.395
2 155.02 1
1 160.08 20.79
2 177.84 1
3 180.87 10.395
1 191.27 22.869
2 211.58 1
3 214.14 10.395
1 224.53 18.711
2 236.08 1
3 243.24 10.395
1 253.64 20.79
2 265.3 1
3 274.43 10.395
1 284.82 18.711
2 299.12 1
3 303.53 10.395
1 313.93 22.869
2 335.34 1
3 336.8 10.395
1 347.19 18.711
2 362.5 1
3 365.9 10.395
1 376.3 18.711
2 388.68 1
3 395.01 10.395
1 405.41 22.869
2 410.38 1
3 428.27 10.395
1 438.67 20.79
2 441.16 1
3 459.46 10.395
2 467.78 1
1 469.85 18.711
3 488.56 10.395
2 491.56 1
1 498.96 20.79
2 517.82 1
3 519.75 10.395
1 530.14 20.79
3 550.94 10.395
2 555 1
1 561.33 20.79
