1 0 20.79
3 20.79 10.395
1 31.185 18.711
3 49.896 10.395
2 51.879 1
1 60.291 18.711
3 79.002 10.395
2 87.139 1
1 89.397 22.869
3 112.27 10.395
2 119.3 1
1 122.66 20.79
2 139.82 1
3 143.45 10.395
1 153.85 18.711
2 164.56 1
3 172.56 10.395
1 182.95 20.79
2 185.64 1
3 203.74 10.395
1 214.14 20.79
2 224.56 1
3 234.93 10.395
1 245.32 18.711
2 258.9 1
3 264.03 10.395
1 274.43 22.869
2 294 1
3 297.3 10.395
1 307.69 18.711
2 325.32 1
3 326.4 10.395
1 336.8 22.869
2 349.6 1
3 359.67 10.395
1 370.06 20.79
2 389.08 1
3 390.85 10.395
1 401.25 22.869
2 416.92 1
3 424.12 10.395
1 434.51 22.869
2 440.04 1
3 457.38 10.395
1 467.78 20.79
2 468.72 1
3 488.56 10.395
2 493.62 1
1 498.96 22.869
2 519.28 1
3 521.83 10.395
1 532.22 20.79
3 553.01 10.395
2 555 1
1 563.41 18.711
