1 0 20.79
3 20.79 10.395
1 31.185 22.869
2 35.379 1
3 54.054 10.395
1 64.449 22.869
2 73.539 1
3 87.318 10.395
1 97.713 18.711
2 107.22 1
3 116.42 10.395
1 126.82 20.79
2 138.54 1
3 147.61 10.395
1 158 18.711
2 164.86 1
3 176.72 10.395
1 187.11 20.79
2 192.4 1
3 207.9 10.395
1 218.3 18.711
2 224.82 1
3 237.01 10.395
1 247.4 18.711
2 264.44 1
3 266.11 10.395
1 276.51 22.869
3 299.38 10.395
2 303.26 1
1 309.77 22.869
3 332.64 10.395
2 341.72 1
1 343.04 18.711
3 361.75 10.395
2 370.4 1
1 372.14 22.869
3 395.01 10.395
2 395.96 1
1 405.41 20.79
3 426.19 10.395
2 430.4 1
1 436.59 20.79
2 452.24 1
3 457.38 10.395
1 467.78 18.711
2 473.78 1
3 486.49 10.395
1 496.88 20.79
2 506.24 1
3 517.67 10.395
2 527.42 1
1 528.07 20.79
3 548.86 10.395
2 555 1
1 559.25 22.869
