1 0 20.79
3 20.79 10.395
1 31.185 22.869
2 51.979 1
3 54.054 10.395
1 64.449 18.711
2 72.119 1
3 83.16 10.395
1 93.555 22.869
2 97.919 1
3 116.42 10.395
2 120.94 1
1 126.82 18.711
3 145.53 10.395
2 148.88 1
1 155.93 20.79
3 176.72 10.395
1 187.11 22.869
2 188.74 1
3 209.98 10.395
1 220.37 18.711
2 222.94 1
3 239.09 10.395
1 249.48 18.711
2 252.22 1
3 268.19 10.395
1 278.59 20.79
2 283.8 1
3 299.38 10.395
1 309.77 22.869
2 314.52 1
3 332.64 10.395
1 343.04 20.79
2 352.16 1
3 363.82 10.395
1 374.22 20.79
2 377.48 1
3 395.01 10.395
2 399.84 1
1 405.41 20.79
3 426.19 10.395
2 428.26 1
1 436.59 20.79
2 450.88 1
3 457.38 10.395
1 467.78 22.869
2 488.26 1
3 490.64 10.395
1 501.04 22.869
2 520.32 1
3 523.91 10.395
1 534.3 18.711
3 553.01 10.395
2 555 1
1 563.41 18.711
