1 0 20.79
3 20.79 10.395
1 31.185 20.79
3 51.975 10.395
2 53.559 1
1 62.37 20.79
3 83.16 10.395
2 84.479 1
1 93.555 18.711
2 105.92 1
3 112.27 10.395
1 122.66 22.869
2 139.72 1
3 145.53 10.395
1 155.93 22.869
2 168.8 1
3 178.79 10.395
1 189.19 22.869
2 197.72 1
3 212.06 10.395
1 222.45 20.79
2 233.18 1
3 243.24 10.395
1 253.64 22.869
2 266.16 1
3 276.51 10.395
1 286.9 18.711
2 301.84 1
3 305.61 10.395
1 316.01 22.869
3 338.88 10.395
2 341.5 1
1 349.27 20.79
2 368.52 1
3 370.06 10.395
1 380.46 18.711
2 388.86 1
3 399.17 10.395
1 409.56 18.711
2 413.18 1
3 428.27 10.395
1 438.67 18.711
2 439.38 1
3 457.38 10.395
1 467.78 22.869
2 470.46 1
3 490.64 10.395
2 496.48 1
1 501.04 18.711
3 519.75 10.395
2 521.02 1
1 530.14 20.79
3 550.94 10.395
2 555 1
1 561.33 20.79
