1 0 20.79
3 20.79 10.395
1 31.185 20.79
2 38.719 1
3 51.975 10.395
1 62.37 18.711
2 72.759 1
3 81.081 10.395
1 91.476 22.869
2 98.719 1
3 114.34 10.395
1 124.74 22.869
2 125.7 1
3 147.61 10.395
2 149.52 1
1 158 18.711
3 176.72 10.395
2 178.38 1
1 187.11 22.869
2 209.34 1
3 209.98 10.395
1 220.37 20.79
3 241.16 10.395
2 245.52 1
1 251.56 18.711
3 270.27 10.395
1 280.67 18.711
2 285.3 1
3 299.38 10.395
1 309.77 20.79
2 324.22 1
3 330.56 10.395
1 340.96 20.79
2 348.9 1
3 361.75 10.395
1 372.14 20.79
2 377.94 1
3 392.93 10.395
1 403.33 18.711
2 410.96 1
3 422.04 10.395
2 431.18 1
1 432.43 22.869
2 452.26 1
3 455.3 10.395
1 465.7 22.869
2 483.4 1
3 488.56 10.395
1 498.96 18.711
3 517.67 10.395
2 519.68 1
1 528.07 22.869
3 550.94 10.395
2 555 1
1 561.33 20.79
