20.79 1.00 1.0
31.18 1.00 1.0
51.98 1.00 1.0
62.37 1.00 1.0
81.08 1.00 1.0
91.48 1.00 1.0
114.34 1.00 1.0
124.73 1.00 1.0
147.61 1.00 1.0
158.01 1.00 1.0
180.87 1.00 1.0
191.27 1.00 1.0
212.06 1.00 1.0
222.46 1.00 1.0
241.16 1.00 1.0
251.56 1.00 1.0
274.43 1.00 1.0
284.82 1.00 1.0
305.61 1.00 1.0
316.00 1.00 1.0
336.80 1.00 1.0
347.19 1.00 1.0
365.90 1.00 1.0
376.29 1.00 1.0
395.01 1.00 1.0
405.40 1.00 1.0
428.27 1.00 1.0
438.66 1.00 1.0
457.38 1.00 1.0
467.77 1.00 1.0
488.56 1.00 1.0
498.95 1.00 1.0
