0.00 1.00 1.0
20.79 1.00 1.0
31.18 1.00 1.0
51.97 1.00 1.0
62.37 1.00 1.0
81.08 1.00 1.0
91.48 1.00 1.0
114.34 1.00 1.0
124.74 1.00 1.0
147.61 1.00 1.0
158.00 1.00 1.0
176.71 1.00 1.0
187.11 1.00 1.0
205.82 1.00 1.0
216.22 1.00 1.0
237.01 1.00 1.0
247.40 1.00 1.0
268.19 1.00 1.0
278.59 1.00 1.0
301.46 1.00 1.0
311.85 1.00 1.0
332.64 1.00 1.0
343.04 1.00 1.0
361.75 1.00 1.0
372.14 1.00 1.0
392.93 1.00 1.0
403.33 1.00 1.0
422.04 1.00 1.0
432.43 1.00 1.0
455.30 1.00 1.0
465.70 1.00 1.0
488.57 1.00 1.0
498.96 1.00 1.0
519.75 1.00 1.0
