0.00 1.00 1.0
20.79 1.00 1.0
31.18 1.00 1.0
49.90 1.00 1.0
60.29 1.00 1.0
79.00 1.00 1.0
89.40 1.00 1.0
110.19 1.00 1.0
120.58 1.00 1.0
143.45 1.00 1.0
153.85 1.00 1.0
172.56 1.00 1.0
182.95 1.00 1.0
205.82 1.00 1.0
216.22 1.00 1.0
239.09 1.00 1.0
249.48 1.00 1.0
272.35 1.00 1.0
282.74 1.00 1.0
301.45 1.00 1.0
311.85 1.00 1.0
332.64 1.00 1.0
343.04 1.00 1.0
363.83 1.00 1.0
374.22 1.00 1.0
395.01 1.00 1.0
405.41 1.00 1.0
428.28 1.00 1.0
438.67 1.00 1.0
459.46 1.00 1.0
469.85 1.00 1.0
488.56 1.00 1.0
498.96 1.00 1.0
519.75 1.00 1.0
