0.00 1.00 1.0
20.79 1.00 1.0
31.18 1.00 1.0
51.97 1.00 1.0
62.37 1.00 1.0
85.24 1.00 1.0
95.63 1.00 1.0
116.42 1.00 1.0
126.82 1.00 1.0
145.53 1.00 1.0
155.93 1.00 1.0
176.72 1.00 1.0
187.11 1.00 1.0
207.90 1.00 1.0
218.30 1.00 1.0
239.09 1.00 1.0
249.48 1.00 1.0
268.19 1.00 1.0
278.59 1.00 1.0
301.46 1.00 1.0
311.85 1.00 1.0
334.72 1.00 1.0
345.11 1.00 1.0
363.82 1.00 1.0
374.22 1.00 1.0
392.93 1.00 1.0
403.33 1.00 1.0
426.20 1.00 1.0
436.59 1.00 1.0
459.46 1.00 1.0
469.85 1.00 1.0
488.56 1.00 1.0
498.96 1.00 1.0
519.75 1.00 1.0
