42.02 1.00 1.0
43.02 1.00 1.0
81.64 1.00 1.0
82.64 1.00 1.0
116.96 1.00 1.0
117.96 1.00 1.0
147.88 1.00 1.0
148.88 1.00 1.0
168.26 1.00 1.0
169.26 1.00 1.0
197.34 1.00 1.0
198.34 1.00 1.0
220.70 1.00 1.0
221.70 1.00 1.0
253.40 1.00 1.0
254.40 1.00 1.0
291.62 1.00 1.0
292.62 1.00 1.0
313.40 1.00 1.0
314.40 1.00 1.0
348.42 1.00 1.0
349.42 1.00 1.0
373.10 1.00 1.0
374.10 1.00 1.0
409.74 1.00 1.0
410.74 1.00 1.0
434.72 1.00 1.0
435.72 1.00 1.0
467.70 1.00 1.0
468.70 1.00 1.0
495.00 1.00 1.0
496.00 1.00 1.0
