20.79 1.00 1.0
31.18 1.00 1.0
49.90 1.00 1.0
60.29 1.00 1.0
79.00 1.00 1.0
89.40 1.00 1.0
110.19 1.00 1.0
120.58 1.00 1.0
143.45 1.00 1.0
153.84 1.00 1.0
172.56 1.00 1.0
182.96 1.00 1.0
205.82 1.00 1.0
216.22 1.00 1.0
239.09 1.00 1.0
249.49 1.00 1.0
272.35 1.00 1.0
282.75 1.00 1.0
301.45 1.00 1.0
311.84 1.00 1.0
332.64 1.00 1.0
343.03 1.00 1.0
363.82 1.00 1.0
374.21 1.00 1.0
395.01 1.00 1.0
405.40 1.00 1.0
428.27 1.00 1.0
438.66 1.00 1.0
459.46 1.00 1.0
469.85 1.00 1.0
488.56 1.00 1.0
498.95 1.00 1.0
