43.86 1.00 1.0
44.86 1.00 1.0
68.24 1.00 1.0
69.24 1.00 1.0
102.10 1.00 1.0
103.10 1.00 1.0
133.24 1.00 1.0
134.24 1.00 1.0
159.10 1.00 1.0
160.10 1.00 1.0
194.72 1.00 1.0
195.72 1.00 1.0
228.96 1.00 1.0
229.96 1.00 1.0
254.72 1.00 1.0
255.72 1.00 1.0
275.96 1.00 1.0
276.96 1.00 1.0
308.02 1.00 1.0
309.02 1.00 1.0
334.16 1.00 1.0
335.16 1.00 1.0
368.76 1.00 1.0
369.76 1.00 1.0
394.16 1.00 1.0
395.16 1.00 1.0
428.30 1.00 1.0
429.30 1.00 1.0
456.24 1.00 1.0
457.24 1.00 1.0
495.00 1.00 1.0
496.00 1.00 1.0
