0.00 1.00 1.0
20.79 1.00 1.0
31.18 1.00 1.0
49.90 1.00 1.0
60.29 1.00 1.0
79.00 1.00 1.0
89.40 1.00 1.0
110.19 1.00 1.0
120.58 1.00 1.0
139.29 1.00 1.0
149.69 1.00 1.0
172.56 1.00 1.0
182.95 1.00 1.0
203.74 1.00 1.0
214.14 1.00 1.0
237.01 1.00 1.0
247.40 1.00 1.0
268.19 1.00 1.0
278.59 1.00 1.0
299.38 1.00 1.0
309.77 1.00 1.0
328.48 1.00 1.0
338.88 1.00 1.0
359.67 1.00 1.0
370.06 1.00 1.0
392.93 1.00 1.0
403.33 1.00 1.0
424.12 1.00 1.0
434.51 1.00 1.0
457.38 1.00 1.0
467.78 1.00 1.0
490.65 1.00 1.0
501.04 1.00 1.0
519.75 1.00 1.0
