20.79 1.00 1.0
31.18 1.00 1.0
51.98 1.00 1.0
62.37 1.00 1.0
81.08 1.00 1.0
91.48 1.00 1.0
114.34 1.00 1.0
124.73 1.00 1.0
147.61 1.00 1.0
158.01 1.00 1.0
176.72 1.00 1.0
187.12 1.00 1.0
205.82 1.00 1.0
216.22 1.00 1.0
237.01 1.00 1.0
247.41 1.00 1.0
268.19 1.00 1.0
278.58 1.00 1.0
301.45 1.00 1.0
311.84 1.00 1.0
332.64 1.00 1.0
343.03 1.00 1.0
361.75 1.00 1.0
372.14 1.00 1.0
392.93 1.00 1.0
403.32 1.00 1.0
422.04 1.00 1.0
432.44 1.00 1.0
455.30 1.00 1.0
465.69 1.00 1.0
488.56 1.00 1.0
498.95 1.00 1.0
