46.04 1.00 1.0
47.04 1.00 1.0
67.48 1.00 1.0
68.48 1.00 1.0
105.56 1.00 1.0
106.56 1.00 1.0
144.62 1.00 1.0
145.62 1.00 1.0
177.34 1.00 1.0
178.34 1.00 1.0
211.56 1.00 1.0
212.56 1.00 1.0
250.12 1.00 1.0
251.12 1.00 1.0
285.98 1.00 1.0
286.98 1.00 1.0
313.26 1.00 1.0
314.26 1.00 1.0
342.22 1.00 1.0
343.22 1.00 1.0
366.36 1.00 1.0
367.36 1.00 1.0
392.14 1.00 1.0
393.14 1.00 1.0
413.08 1.00 1.0
414.08 1.00 1.0
448.16 1.00 1.0
449.16 1.00 1.0
470.08 1.00 1.0
471.08 1.00 1.0
495.00 1.00 1.0
496.00 1.00 1.0
