40.48 1.00 1.0
41.48 1.00 1.0
61.20 1.00 1.0
62.20 1.00 1.0
95.72 1.00 1.0
96.72 1.00 1.0
135.60 1.00 1.0
136.60 1.00 1.0
170.66 1.00 1.0
171.66 1.00 1.0
203.78 1.00 1.0
204.78 1.00 1.0
228.72 1.00 1.0
229.72 1.00 1.0
248.84 1.00 1.0
249.84 1.00 1.0
288.12 1.00 1.0
289.12 1.00 1.0
326.76 1.00 1.0
327.76 1.00 1.0
354.26 1.00 1.0
355.26 1.00 1.0
386.76 1.00 1.0
387.76 1.00 1.0
408.12 1.00 1.0
409.12 1.00 1.0
435.90 1.00 1.0
436.90 1.00 1.0
462.78 1.00 1.0
463.78 1.00 1.0
495.00 1.00 1.0
496.00 1.00 1.0
