0.00 1.00 1.0
20.79 1.00 1.0
31.18 1.00 1.0
51.97 1.00 1.0
62.37 1.00 1.0
81.08 1.00 1.0
91.48 1.00 1.0
114.34 1.00 1.0
124.74 1.00 1.0
145.53 1.00 1.0
155.93 1.00 1.0
176.72 1.00 1.0
187.11 1.00 1.0
209.98 1.00 1.0
220.37 1.00 1.0
241.16 1.00 1.0
251.56 1.00 1.0
274.43 1.00 1.0
284.82 1.00 1.0
303.53 1.00 1.0
313.93 1.00 1.0
336.80 1.00 1.0
347.19 1.00 1.0
365.90 1.00 1.0
376.30 1.00 1.0
395.01 1.00 1.0
405.41 1.00 1.0
426.20 1.00 1.0
436.59 1.00 1.0
459.46 1.00 1.0
469.85 1.00 1.0
488.56 1.00 1.0
498.96 1.00 1.0
519.75 1.00 1.0
