38.42 1.00 1.0
39.42 1.00 1.0
75.00 1.00 1.0
76.00 1.00 1.0
104.38 1.00 1.0
105.38 1.00 1.0
141.10 1.00 1.0
142.10 1.00 1.0
175.34 1.00 1.0
176.34 1.00 1.0
198.62 1.00 1.0
199.62 1.00 1.0
223.00 1.00 1.0
224.00 1.00 1.0
246.68 1.00 1.0
247.68 1.00 1.0
283.78 1.00 1.0
284.78 1.00 1.0
322.62 1.00 1.0
323.62 1.00 1.0
343.78 1.00 1.0
344.78 1.00 1.0
369.54 1.00 1.0
370.54 1.00 1.0
400.16 1.00 1.0
401.16 1.00 1.0
436.48 1.00 1.0
437.48 1.00 1.0
472.10 1.00 1.0
473.10 1.00 1.0
495.00 1.00 1.0
496.00 1.00 1.0
