0.00 1.00 1.0
20.79 1.00 1.0
31.18 1.00 1.0
54.05 1.00 1.0
64.45 1.00 1.0
87.32 1.00 1.0
97.71 1.00 1.0
116.42 1.00 1.0
126.82 1.00 1.0
147.61 1.00 1.0
158.00 1.00 1.0
178.79 1.00 1.0
189.19 1.00 1.0
209.98 1.00 1.0
220.37 1.00 1.0
239.08 1.00 1.0
249.48 1.00 1.0
272.35 1.00 1.0
282.74 1.00 1.0
301.45 1.00 1.0
311.85 1.00 1.0
332.64 1.00 1.0
343.04 1.00 1.0
363.83 1.00 1.0
374.22 1.00 1.0
397.09 1.00 1.0
407.48 1.00 1.0
430.35 1.00 1.0
440.75 1.00 1.0
461.54 1.00 1.0
471.93 1.00 1.0
490.64 1.00 1.0
501.04 1.00 1.0
519.75 1.00 1.0
