1 0 20.79
3 20.79 10.395
1 31.185 18.711
2 38.419 1
3 49.896 10.395
1 60.291 18.711
2 74.999 1
3 79.002 10.395
1 89.397 20.79
2 104.38 1
3 110.19 10.395
1 120.58 18.711
3 139.29 10.395
2 141.1 1
1 149.69 22.869
3 172.56 10.395
2 175.34 1
1 182.95 20.79
2 198.62 1
3 203.74 10.395
1 214.14 22.869
2 223 1
3 237.01 10.395
2 246.68 1
1 247.4 20.79
3 268.19 10.395
1 278.59 20.79
2 283.78 1
3 299.38 10.395
1 309.77 18.711
2 322.62 1
3 328.48 10.395
1 338.88 20.79
2 343.78 1
3 359.67 10.395
2 369.54 1
1 370.06 22.869
3 392.93 10.395
2 400.16 1
1 403.33 20.79
3 424.12 10.395
1 434.51 22.869
2 436.48 1
3 457.38 10.395
1 467.78 22.869
2 472.1 1
3 490.64 10.395
2 495 1
1 501.04 18.711
